3,2
3,1
3,3
10,237
10,243
10,116
10,187
10,134
10,30
10,122
10,1
10,297
10,2
10,3
11,22
11,8
11,4
11,24
11,1
11,12
11,2
11,3
9,7
9,6
9,1
9,4
9,2
9,3
8,9
8,6
8,11
8,1
8,16
8,2
8,3
12,2
12,1
12,3
20,2
20,1
20,3
19,2
19,1
19,3
18,1
18,3
14,3
13,1
13,3
2,2
2,1
2,3
35,7
35,6
35,5
35,4
35,3
35,2
35,1
35,0
34,5
34,4
34,3
34,2
34,1
34,0
33,67
33,66
33,65
33,64
33,37
33,36
33,35
33,34
33,33
33,32
33,31
33,30
33,29
33,28
33,27
33,26
33,25
33,24
33,23
33,22
33,21
33,20
33,19
33,18
33,17
33,16
33,15
33,14
33,13
33,12
33,11
33,10
33,9
33,8
33,7
33,6
33,5
33,4
33,3
33,2
33,1
33,0
32,4
32,3
